//================================//
//             INPUTS             //
//================================//

/********** IIWA N=7 **************/

//float xTemp7[] = {0.297288, 0.382396, -0.597634, -0.0104452, -0.839027, 0.311111, 2.29509,
//                     0.999905, 0.251662, 0.986666, 0.555751, 0.437108, 0.424718, 0.773223};
//float qddTemp7[] = {0.671362351, 2.085405497, -0.920425575, 5.464981623, 25.85650645, 105.449175, 52.12766742};
//float vTemp7[] = {0.0, 0.0, 0.999905, 0.0, 0.0, 0.0,
//         0.373109, 0.927685, 0.251662, 0.0, 0.0, 0.0,
//         -0.450045, -0.00190277, 1.91435, -0.000389117, 0.0920342, 3.73109e-13,
//         -0.470016, 1.90955, 0.557654, -0.00079912, -8.34731e-6, -0.189019,
//         -0.100832, 0.722306, 2.34665, 0.274428, -0.107102, -8.34731e-6,
//         0.622359, 2.26487, -0.297588, 0.409436, -0.131664, 0.0853726,
//         0.189494, 0.663311, 3.03809, 0.388964, 0.234737, -0.131664};
//float aTemp7[] = {0.0, 0.0, 0.671362, 0.0, 0.0, 0.0,
//         0.483978, 0.528975, 2.08541, 0.0, 0.0, 0.0,
//         -1.5754, 1.89566, -0.391451, 0.387661, 0.32217, 4.83978e-13,
//         -0.509994, -0.146673, 3.56933, 0.796127, 0.00876021, -0.661668,
//         -1.99906, 2.80848, 25.7098, 0.423533, -0.727309, 0.00876021,
//         6.92905, 24.8232, 102.641, 0.926137, -0.480476, 0.296512,
//         81.9788, -62.9671, 76.9509, -4.07122, -6.40232, -0.480476};
//float fTemp7[] = {-0.386208, 0.368599, 0.28119, 0.818636, 1.98773, -3.07625,
//         0.0930661, 0.248573, 0.209472, -1.83265, -2.57865, 1.86775,
//         0.380028, 0.0151653, 0.251379, 0.210761, 2.40183, -2.49168,
//         0.925628, 0.297174, 0.0203749, -0.839812, -2.1552, -1.17263,
//         -0.376703, -0.860545, 0.287702, 0.13818, 1.44749, -1.98613,
//         0.0383153, 0.167, 0.859512, -0.890237, -1.39686, -1.30446,
//         0.122748, -0.0996843, 0.0769509, -1.83586, -2.03848, -0.211055};
//// sabrina inertias, -Minv
//float minvTemp7[] = {-3.3084, 0.832568, 3.24692, 2.9516, -1.01435, -0.394646, 0.321418,
//            0.832568, -0.81964, -0.649599, -1.87147, -0.293887, -1.37315, 0.35137,
//            3.24692, -0.649599, -41.9993, -3.07484, 39.287, -0.691391, 0.188062,
//            2.9516, -1.87147, -3.07484, -6.6787, -1.61578, -5.4728, 2.85474,
//            -1.01435, -0.293887, 39.287, -1.61578, -141.751, -3.12746, 98.7838,
//            -0.394646, -1.37315, -0.691391, -5.4728, -3.12746, -122.669, 4.79672,
//            0.321418, 0.35137, 0.188062, 2.85474, 98.7838, 4.79672, -1095.04};

float xTemp7[] = {
-0.336899 ,  1.29662  ,-0.677475,  -1.42182, -0.706676, -0.134981,  -1.14953,
   0.43302,  -0.421561,  -0.645439,   -1.86055, -0.0130938,  -0.458284,   0.741174
};

float qddTemp7[] = {
 5.16049,  28.5612, -20.3081,  5.57444,  107.421, -258.136,  245.185
};

float minvTemp7[] = {
-0.918181, -0.219852,   1.30051,  0.487667,   -1.1822,  0.693705,  0.122088, 
-0.219852, -0.811912,  0.945802, -0.566625, -0.902328,  0.629197,  0.018173,
  1.30051,  0.945802,  -4.28951, -0.238081,  0.860623,  -4.56651,   1.62119,
 0.487667, -0.566625, -0.238081,  -2.83159,  -1.09642,  -3.73779,  0.939869,
  -1.1822, -0.902328,  0.860623,  -1.09642,  -109.387,  -2.95023,    106.76,
 0.693705,  0.629197,  -4.56651,  -3.73779,  -2.95023,  -126.884,   4.56016,
 0.122088,  0.018173,   1.62119,  0.939869,    106.76,   4.56016,  -1106.01
};

/********** IIWA N=8 **************/

float xTemp8[] = {
    -0.336899,   1.29662, -0.677475, -1.42182,  -0.706676, -0.134981, -1.14953, -0.296646,
      0.43302, -0.421561, -0.645439, -1.86055, -0.0130938, -0.458284, 0.741174,   1.76642
};

float qddTemp8[] = {
    5.24041, 4.75336, -17.7239, -5.71721, 89.1467, -160.59, -20.9193, -97.228
};

// -Minv
float minvTemp8[] = {
     -0.913288,  -0.227197,    1.30134,   0.486941,   -1.18302,   0.938014,  -0.142272,   0.487411,
     -0.227197,  -0.796875,   0.925233,  -0.554533,  -0.873488,   0.110015,  -0.523547,   0.704136,
       1.30134,   0.925233,   -4.18655,  -0.270298,   0.758658,   -4.23592,    6.65673,   -1.43955,
      0.486941,  -0.554533,  -0.270298,   -2.70861,  -0.912471,   -4.82496,   -1.54203,    2.50925,
      -1.18302,  -0.873488,   0.758658,  -0.912471,   -109.062,   -5.18017,    101.136,    15.8009,
      0.938014,   0.110015,   -4.23592,   -4.82496,   -5.18017,   -86.5939,   -5.95938,    33.7675,
     -0.142272,  -0.523547,    6.65673,   -1.54203,    101.136,   -5.95938,   -312.885,   -3.64248,
      0.487411,   0.704136,   -1.43955,    2.50925,    15.8009,    33.7675,   -3.64248,   -1017.37
};

/********** IIWA N=9 **************/

float xTemp9[] = {
    -0.336899,    1.29662,  -0.677475,   -1.42182,  -0.706676,  -0.134981,   -1.14953,  -0.296646,    2.13845,
      0.43302,  -0.421561,  -0.645439,   -1.86055, -0.0130938,  -0.458284,   0.741174,    1.76642,   0.898011
};

float qddTemp9[] = {
    4.84828,  3.41264, -7.53812, -13.3011,  75.1727,  -179.42, -422.476, -108.469,  2389.81
};

float minvTemp9[] = {
    -0.906767,   -0.23406,    1.29242,   0.488595,   -1.16327,   0.875897,  -0.134093,   0.418838,   0.103293,
    -0.23406,  -0.787273,   0.925084,  -0.550135,  -0.875685, -0.0315595,  -0.573408,    1.33901,   0.597607,
    1.29242,   0.925084,   -4.13319,  -0.293428,    0.66427,   -3.47078,    7.02415,   -4.09459,   -4.49335,
    0.488595,  -0.550135,  -0.293428,   -2.67528,  -0.839724,   -5.48535,    -1.7298,    4.10583,    3.23507,
    -1.16327,  -0.875685,    0.66427,  -0.839724,    -108.83,   -7.27955,    101.049,    19.4753,    5.01407,
    0.875897, -0.0315595,   -3.47078,   -5.48535,   -7.27955,   -59.8433,   -15.6652,     15.828,    37.0136,
    -0.134093,  -0.573408,    7.02415,    -1.7298,    101.049,   -15.6652,   -286.312,   -72.3574,    181.868,
    0.418838,    1.33901,   -4.09459,    4.10583,    19.4753,     15.828,   -72.3574,   -249.409,    49.7059,
    0.103293,   0.597607,   -4.49335,    3.23507,    5.01407,    37.0136,    181.868,    49.7059,   -1186.34
};

/*****************************/

//================================//
//            OUTPUTS             //
//================================//

/********** IIWA N=7 **************/

//float cdqTemp7[] = {0.0, 0.0, 0.0, 0.0, 0.0, 0.0, 0.0,
//       -1.24362, 0.582421, 1.56724, -0.192563, -0.33799, -0.977344, 0.660384,
//       3.55945, -0.344106, -3.36412, 1.15354, -0.0129418, -0.177376, -0.185702,
//       1.417, -0.72308, -37.4566, 0.764383, 34.7457, -0.0580001, -0.221741,
//       -2.72105, 0.185134, 2.96749, 4.85204, 1.28725, 8.85384, -1.59216,
//       -0.742551, -0.202056, 0.559617, -0.192991, -3.51297, -1.38046, 10.3641,
//       6.40682e-17, 3.35435e-17, -2.34715e-17, 1.45632e-16, 1.24305e-16, 3.03677e-16, -1.7413e-16};
//
//float cdqdTemp7[] = {-0.473735, 0.815095, 0.577285, -0.101241, -0.268021, -0.653879, 0.524936, 
//            -4.13029, -0.224794, 3.87979, -0.773574, 0.578369, -1.42329, -0.128547, 
//            0.613957, 0.206468, -0.497011, 0.111485, -0.158698, -0.242926, 0.249359, 
//            2.42061, 0.832767, -2.1925, 0.319842, -0.760031, -2.66009, -0.147668, 
//            -0.0582392, -0.0237767, 0.0671238, 0.0633837, -0.11376, 0.75914, 0.424139, 
//            -0.0953933, 0.0067175, 0.103334, 0.166093, -0.642115, 0.125406, 1.18206, 
//            -0.00115371, -0.000175798, 0.000697093, -0.000716492, -0.010351, -0.0737067, 0.0102964};

float cdqTemp7[] = {
           0,            0,            0,            0,            0,            0,            0, 
    -4.36279,      7.20051,      8.15831,      33.8093,     -7.42104,      25.5762,      10.9452,
     4.01188,     -4.39564,       4.7081,      15.8259,     -20.0283,     0.976632,     0.411389,
      3.8267,     -2.17111,     -26.9852,      -2.3026,      19.1847,     -2.35344,      2.08299,
    -1.90541,     -1.72004,      10.5372,     -5.43471,     -4.95198,      7.67699,      2.88303,
     1.30423,     -1.38144,     -2.39396,     -1.38644,      10.9789,     -2.57049,     -24.5767,
 2.26488e-17,  -1.9306e-16,  2.42259e-16,  5.69115e-16, -3.28556e-15,  1.89652e-14,  4.47247e-13
};

float cdqdTemp7[] = {
    0.721213,     -0.28241,      1.39368,    -0.529027,     0.180003,     0.487741,     0.100452,
   -0.595325,     0.536477,      2.39485,    -0.841593,     0.276259,    -0.551691,    -0.369064,
    0.196565,    -0.336144,    -0.504392,    -0.183608,      2.09802,   -0.0944673,     0.016598,
    0.615263,    -0.764227,    -0.445106,     -1.15466,      1.04832,    -0.533022,    -0.212252,
  -0.0287232,   0.00317744,    0.0801164,   -0.0234199,    -0.106281,    -0.187399,       0.3013,
 -0.00961847,   0.00938682,     0.015619,    0.0162795,     0.133624,    0.0196148,     0.314484,
-0.000540556, -0.000461035,    0.0011519,  -0.00213328,   -0.0140618,   -0.0546185,    0.0128308
};

/********** IIWA N=8 **************/

// dqdd_dq transpose
float cdqTemp8[] = {
       0,            0,            0,            0,            0,            0,            0,            0,
-2.82646,    -0.346806,       7.3412,     0.497485,     -2.18772,      1.08095,    -0.281232,     0.638414,
  3.2287,     -4.69786,      2.26307,     0.931169,     -1.74696,      1.64044,     0.176537,      1.32624,
 2.40235,     0.238768,     -12.4975,     -1.55145,      17.3144,     -5.94005,      6.94298,    -0.479591,
-1.87981,     -1.75262,      10.5297,      -6.1598,     -5.94718,      13.5347,      5.50553,     -4.56347,
 1.38268,      -1.6151,     -0.53678,      1.18339,      19.4659,    -0.928286,      -65.806,      69.7411,
-0.569002,    -0.194947,      1.91786,      -2.3908,     -10.8185,     -15.5796,     -48.0489,      150.535,
-2.27762e-16,  4.98804e-16,  7.33495e-17,   -1.094e-15,  9.21225e-16, -3.80824e-14,  1.81817e-14, -9.50674e-14
};

// dqdd_dqd transpose
float cdqdTemp8[] = {
0.738387,    -0.31574,     1.44213,   -0.519736,    0.165523,     1.30205,    0.582713,    0.756173,
-0.616794,    0.576178,     2.35399,   -0.817571,    0.329968,    -1.83266,   -0.432323,     1.39265,
0.202469,   -0.347705,   -0.487243,   -0.191121,      2.0833,    0.121075,    0.394132,  -0.0101991,
0.643789,   -0.815602,   -0.390189,    -1.15139,     1.02326,    0.893484,   -0.377067,    0.265452,
-0.0273112, 0.000161966,   0.0794328,  -0.0525402,   -0.142575,   0.0548425,    0.448708,    -1.65135,
-0.0132972,   0.0164472, -0.00116293, -0.00226854,    0.112998,    0.144345,    0.569087,   -0.830699,
-0.00125739,   0.0014381, -0.00714831,  -0.0258379,  -0.0364753,   -0.042282,   0.0229038,   -0.929931,
0.000575346, 0.000470056, -0.00641392, 0.000644805,  0.00642567,  -0.0358441,    0.192846,  0.00810094
};

/********** IIWA N=9 **************/

float cdqTemp9[] = {
    0,            0,            0,            0,            0,            0,            0,            0,            0,
    -2.71331,    -0.340889,      6.92451,     0.503318,     -2.17133,     0.941168,     -0.23798,     0.695076,     0.474991,
    1.90189,     -4.32108,      2.55603,     0.901302,     -1.66441,      1.84793,     0.166126,     0.396436,   -0.0543212,
    3.10692,     0.105048,     -10.8229,      -3.1356,      7.79803,     -6.82705,      7.40587,     -2.14609,     -4.19844,
    -2.69112,     -2.24661,      18.4989,      2.71578,     -7.80854,      13.8086,       5.4412,     -4.89813,     -3.56246,
    1.37886,      -1.6061,      1.97131,      3.31157,      106.276,      2.01821,     -132.928,      58.9641,      16.1679,
    -0.22638,    -0.924434,      5.38619,      3.29043,     -3.72273,     -79.3656,     -80.4841,      216.996,      83.3469,
    -1.31906,    -0.201134,      8.33324,      3.58837,     -9.24618,      194.126,     -29.2935,     -61.3928,      -58.525,
    -2.58346e-15,  3.19557e-15,  -2.1234e-15, -1.53421e-15, -1.09033e-14,  1.91938e-13, -2.58382e-13,   8.4943e-13,  9.34927e-14
};

float cdqdTemp9[] = {
    0.757702,    -0.345272,      1.45101,    -0.541256,     0.147703,      1.99476,     0.670845,     -1.21634,      -1.6699,
    -0.641442,     0.606398,      2.36787,    -0.816086,     0.282344,     -1.83328,    -0.734796,      2.72635,      2.00487,
    0.223978,    -0.374828,    -0.501922,    -0.204053,      2.10318,      0.45401,     0.340894,    -0.768488,     -1.20634,
    0.674854,    -0.855781,    -0.400562,     -1.15891,      1.06506,      1.14843,   -0.0888467,     -1.71146,     -1.99722,
    -0.0206898,  -0.00440158,    0.0625653,   -0.0430455,   -0.0999057,    -0.315729,     0.569901,     -1.35402,    -0.671634,
    -0.0266515,    0.0353405,  -0.00154436,     0.009103,     0.113326,    -0.178921,     0.484774,     0.021263,      1.54188,
    0.0060274,  -0.00265475,   -0.0297467,   -0.0138244,    0.0165767,    -0.517083,     0.128891,    -0.394051,      -0.5329,
    -0.00799642,    0.0145527,  -0.00983497,    0.0187914,    0.0331372,    -0.652494,      0.44903,     0.473444,     0.440337,
    -0.000879797,  0.000395685,    0.0039126,   0.00471178,  -0.00056742,    0.0611963,    -0.110559,    -0.216317,    0.0904012
};

/*****************************/
